(array([  1,   4,  15,  26,  27,  29,  34,  35,  40,  41,  42,  45,  48,
        50,  51,  52,  55,  58,  59,  60,  61,  66,  78,  81,  82,  84,
        86,  87,  94,  99, 100, 113, 117, 118, 119, 128, 136, 137, 141,
       146, 148, 149, 151, 153, 156, 158, 159, 160, 161, 163, 164, 165,
       172, 173, 178, 180, 184, 188, 196, 201, 203, 204, 210, 211, 213,
       218, 222, 223, 224, 235, 237, 242, 245, 246, 253, 260, 267, 268,
       272, 274, 275, 277, 280, 285, 290, 291, 292, 293, 295, 299, 300,
       301, 302, 308, 310, 313, 314, 317, 319, 320, 321, 324, 326, 329,
       346, 349, 351, 356, 357, 360, 363, 364, 369, 371, 372, 377, 378,
       380, 383, 385, 390, 392, 393, 395, 397, 398, 400, 401, 403, 405,
       406, 411, 414, 418, 425, 429, 430, 441, 443, 447, 450, 452, 462,
       463, 467, 468, 470, 474, 478, 480, 490, 494, 495, 496, 497, 499], dtype=int64),)